0 0.20390625 0.7703125 0.23515625 0.2640625
0 0.66953125 0.9234375 0.2609375 0.153125
0 0.2734375 0.3296875 0.2171875 0.134375
0 0.68828125 0.48203125 0.14921875 0.11015625
0 0.82578125 0.52265625 0.13515625 0.1078125
0 0.70234375 0.3953125 0.20625 0.115625
0 0.80390625 0.25703125 0.325 0.315625
0 0.2515625 0.10625 0.125 0.09609375
0 0.37421875 0.1453125 0.12578125 0.09765625
0 0.26328125 0.04609375 0.12578125 0.0921875
0 0.3859375 0.0859375 0.121875 0.0921875
0 0.2734375 0.015625 0.125 0.03125
0 0.4 0.03828125 0.12890625 0.07578125