0 0.26328125 0.1453125 0.203125 0.20625
0 0.74921875 0.11171875 0.24140625 0.13984375
0 0.2484375 0.59375 0.209375 0.071875
0 0.67890625 0.57734375 0.13984375 0.06796875
0 0.82109375 0.5796875 0.12578125 0.0703125
0 0.6765625 0.665625 0.2015625 0.05390625
0 0.75 0.83125 0.290625 0.23203125
0 0.18515625 0.80390625 0.1171875 0.06015625
0 0.31171875 0.8046875 0.1171875 0.06171875
0 0.18515625 0.86796875 0.11875 0.06171875
0 0.3125 0.865625 0.1140625 0.0578125
0 0.18515625 0.928125 0.11875 0.0578125
0 0.31484375 0.928125 0.1203125 0.0640625