0 0.24921875 0.16171875 0.2109375 0.2203125
0 0.7328125 0.09609375 0.24609375 0.15625
0 0.25234375 0.6109375 0.2125 0.0859375
0 0.68203125 0.56484375 0.14296875 0.078125
0 0.82421875 0.5578125 0.12890625 0.078125
0 0.6828125 0.65390625 0.203125 0.06796875
0 0.76328125 0.8140625 0.3 0.25
0 0.19765625 0.825 0.11875 0.06796875
0 0.32421875 0.8171875 0.1203125 0.0703125
0 0.20078125 0.8890625 0.121875 0.0703125
0 0.3265625 0.878125 0.1171875 0.0640625
0 0.203125 0.94921875 0.1203125 0.065625
0 0.33203125 0.93984375 0.1234375 0.07421875